17 1.000000
3244 1.000000
6352 1.000000
10034 1.000000
14386 1.000000
17916 1.000000
20986 1.000000
23837 1.000000
29363 1.000000
34718 1.000000
38439 1.000000
41829 1.000000
44672 1.000000
48365 1.000000
51818 1.000000
55006 1.000000
58507 1.000000
61869 1.000000
65095 1.000000
68689 1.000000
71883 1.000000
74977 1.000000
78022 1.000000
82127 1.000000
85336 1.000000
88245 1.000000
91798 1.000000
95203 1.000000
98634 1.000000
101985 1.000000
105305 1.000000
109364 1.000000
112500 1.000000
115911 1.000000
119107 1.000000
122497 1.000000
125806 1.000000
129013 1.000000
132684 1.000000
135928 1.000000
139216 1.000000
142480 1.000000
146437 1.000000
150124 1.000000
153411 1.000000
156650 1.000000
159869 1.000000
163155 1.000000
166674 1.000000
169809 1.000000
173070 1.000000
177003 1.000000
180272 1.000000
183916 1.000000
187078 1.000000
190146 1.000000
193385 1.000000
197305 1.000000
200796 1.000000
204193 1.000000
207505 1.000000
210749 1.000000
214027 1.000000
217469 1.000000
221261 1.000000
224488 1.000000
227690 1.000000
230945 1.000000
234502 1.000000
237713 1.000000
241071 1.000000
244419 1.000000
247526 1.000000
251454 1.000000
254586 1.000000
258679 1.000000
261970 1.000000
265228 1.000000
268892 1.000000
272117 1.000000
275518 1.000000
278785 1.000000
282229 1.000000
285814 1.000000
289062 1.000000
292358 1.000000
295682 1.000000
298930 1.000000
302488 1.000000
305785 1.000000
309053 1.000000
312366 1.000000
315711 1.000000
318982 1.000000
322037 1.000000
325072 1.000000
328111 1.000000
331201 1.000000
334577 1.000000
337591 1.000000
347516 1.000000
351151 1.000000
360292 1.000000
363483 1.000000
366712 1.000000
369384 1.000000
373055 1.000000
376171 1.000000
379521 1.000000
382950 1.000000
385994 1.000000
389204 1.000000
392274 1.000000
395930 1.000000
399199 1.000000
402417 1.000000
405608 1.000000
409422 1.000000
412283 1.000000
415687 1.000000
418957 1.000000
422133 1.000000
425323 1.000000
429074 1.000000
432315 1.000000
435842 1.000000
438956 1.000000
442224 1.000000
445952 1.000000
449207 1.000000
452617 1.000000
455939 1.000000
459199 1.000000
462780 1.000000
465925 1.000000
470058 1.000000
473333 1.000000
476612 1.000000
480291 1.000000
483766 1.000000
487570 1.000000
490701 1.000000
493993 1.000000
497525 1.000000
500969 1.000000
504120 1.000000
507453 1.000000
510722 1.000000
514186 1.000000
517410 1.000000
520603 1.000000
523909 1.000000
527064 1.000000
530404 1.000000
535847 1.000000
539041 1.000000
541939 1.000000
545669 1.000000
548463 1.000000
552255 1.000000
555681 1.000000
558818 1.000000
561942 1.000000
565272 1.000000
568825 1.000000
572024 1.000000
575165 1.000000
578234 1.000000
582676 1.000000
585782 1.000000
589003 1.000000
592319 1.000000
595478 1.000000
599011 1.000000
602477 1.000000
605459 1.000000
609378 1.000000
612633 1.000000
615860 1.000000
618905 1.000000
621730 1.000000
625542 1.000000
634187 1.000000
636103 1.000000
638271 1.000000
642733 1.000000
646486 1.000000
649858 1.000000
653014 1.000000
657067 1.000000
660271 1.000000
663408 1.000000
666882 1.000000
669815 1.000000
672927 1.000000
676776 1.000000
679935 1.000000
683498 1.000000
686892 1.000000
690142 1.000000
693231 1.000000
703675 1.000000
707106 1.000000
710504 1.000000
713839 1.000000
717057 1.000000
720202 1.000000
723722 1.000000
726879 1.000000
730098 1.000000
733411 1.000000
736567 1.000000
740040 1.000000
743247 1.000000
746449 1.000000
749671 1.000000
752885 1.000000
756320 1.000000
759530 1.000000
762812 1.000000
766004 1.000000
769202 1.000000
772630 1.000000
775973 1.000000
779317 1.000000
782520 1.000000
785823 1.000000
789966 1.000000
793176 1.000000
796424 1.000000
799566 1.000000
802891 1.000000
806455 1.000000
809566 1.000000
813026 1.000000
816221 1.000000
819421 1.000000
822921 1.000000
826234 1.000000
829426 1.000000
832714 1.000000
835874 1.000000
839328 1.000000
842613 1.000000
845642 1.000000
848872 1.000000
852057 1.000000
855632 1.000000
858884 1.000000
862050 1.000000
865289 1.000000
868484 1.000000
871933 1.000000
875141 1.000000
878381 1.000000
881486 1.000000
884612 1.000000
888604 1.000000
891598 1.000000
894498 1.000000
897521 1.000000
900414 1.000000
903637 1.000000
906509 1.000000
909792 1.000000
912551 1.000000
915594 1.000000
918712 1.000000
922549 1.000000
925558 1.000000
928444 1.000000
931400 1.000000
934645 1.000000
937466 1.000000
941055 1.000000
943860 1.000000
946700 1.000000
949811 1.000000
952742 1.000000
955696 1.000000
958461 1.000000
960806 1.000000
964370 1.000000
967118 1.000000
969877 1.000000
972724 1.000000
975611 1.000000
978613 1.000000
981517 1.000000
984317 1.000000
987233 1.000000
990801 1.000000
994144 1.000000
996898 1.000000
999757 1.000000
1002136 1.000000
1004389 1.000000
1007043 1.000000
1009372 1.000000
1011749 1.000000
1014490 1.000000
1017284 1.000000
1020012 1.000000
1023102 1.000000
1025891 1.000000
1028722 1.000000
1031548 1.000000
1034406 1.000000
1038192 1.000000
1041002 1.000000
1043874 1.000000
1046689 1.000000
1049449 1.000000
1052359 1.000000
1055157 1.000000
1058032 1.000000
1060825 1.000000
1063643 1.000000
1066735 1.000000
1069461 1.000000
1072416 1.000000
1075223 1.000000
1078771 1.000000
1081851 1.000000
1084612 1.000000
1087530 1.000000
1090285 1.000000
1093192 1.000000
1096253 1.000000
1099091 1.000000
1101955 1.000000
1104769 1.000000
1107849 1.000000
1110904 1.000000
1113822 1.000000
1116606 1.000000
1119478 1.000000
1122433 1.000000
1125749 1.000000
1128704 1.000000
1131769 1.000000
1134787 1.000000
1137783 1.000000
1140980 1.000000
1144003 1.000000
1147037 1.000000
1150044 1.000000
1153102 1.000000
1156380 1.000000
1159407 1.000000
1162478 1.000000
1165537 1.000000
1168551 1.000000
1172117 1.000000
1175208 1.000000
1179001 1.000000
1181954 1.000000
1185049 1.000000
1188242 1.000000
1191344 1.000000
1194468 1.000000
1197419 1.000000
1200499 1.000000
1203821 1.000000
1206821 1.000000
1209819 1.000000
1213108 1.000000
1216187 1.000000
1219500 1.000000
1222556 1.000000
1225525 1.000000
1228553 1.000000
1231644 1.000000
1234952 1.000000
1237950 1.000000
1240988 1.000000
1244068 1.000000
1247117 1.000000
1250837 1.000000
1254019 1.000000
1257034 1.000000
1260158 1.000000
1263298 1.000000
1266508 1.000000
1269529 1.000000
1273337 1.000000
1276342 1.000000
1279397 1.000000
1282597 1.000000
1285635 1.000000
1289862 1.000000
1292493 1.000000
1295092 1.000000
1297982 1.000000
1301019 1.000000
1304066 1.000000
1307080 1.000000
1310258 1.000000
1313641 1.000000
1316656 1.000000
1326233 1.000000
1328703 1.000000
1337234 1.000000
1339067 1.000000
1340843 1.000000
1342802 1.000000
1351653 1.000000
1353225 1.000000
1355217 1.000000
1365126 1.000000
1368042 1.000000
1371027 1.000000
1374718 1.000000
1378175 1.000000
1380865 1.000000
1383602 1.000000
1386495 1.000000
1390001 1.000000
1401340 1.000000
1404398 1.000000
1407634 1.000000
1410773 1.000000
1414044 1.000000
1416976 1.000000
1419916 1.000000
1422914 1.000000
1425790 1.000000
1429045 1.000000
1431954 1.000000
1434937 1.000000
1437912 1.000000
1440835 1.000000
1443972 1.000000
1446983 1.000000
1449865 1.000000
1452826 1.000000
1456574 1.000000
1459737 1.000000
1462750 1.000000
1465601 1.000000
1468497 1.000000
1471456 1.000000
1474778 1.000000
1477598 1.000000
1480569 1.000000
1483624 1.000000
1486501 1.000000
1489624 1.000000
1492610 1.000000
1496355 1.000000
1499299 1.000000
1502318 1.000000
1505534 1.000000
1508517 1.000000
1511533 1.000000
1514484 1.000000
1517375 1.000000
1520645 1.000000
1523591 1.000000
1526531 1.000000
1529456 1.000000
1532413 1.000000
1535690 1.000000
1538588 1.000000
1541462 1.000000
1544408 1.000000
1547439 1.000000
1550671 1.000000
1553515 1.000000
1556538 1.000000
1559530 1.000000
1562381 1.000000
1565617 1.000000
1568514 1.000000
1571548 1.000000
1574524 1.000000
1577419 1.000000
1580778 1.000000
1583891 1.000000
1586960 1.000000
1589905 1.000000
1592844 1.000000
1596057 1.000000
1598977 1.000000
1602024 1.000000
1605920 1.000000
1608851 1.000000
1612042 1.000000
1615052 1.000000
1617938 1.000000
1620930 1.000000
1623851 1.000000
1627035 1.000000
1629984 1.000000
1632967 1.000000
1635972 1.000000
1638882 1.000000
1642201 1.000000
1645162 1.000000
1648143 1.000000
1651276 1.000000
1654209 1.000000
1657403 1.000000
1660390 1.000000
1663349 1.000000
1666347 1.000000
1669322 1.000000
1672606 1.000000
1675567 1.000000
1678670 1.000000
1681680 1.000000
1684566 1.000000
1687844 1.000000
1690779 1.000000
1693828 1.000000
1696801 1.000000
1699728 1.000000
1703048 1.000000
1705998 1.000000
1709767 1.000000
1712671 1.000000
1715689 1.000000
1718869 1.000000
1721720 1.000000
1724296 1.000000
1727319 1.000000
1731037 1.000000
1734031 1.000000
1736703 1.000000
1739535 1.000000
1743424 1.000000
1746414 1.000000
1748981 1.000000
1752800 1.000000
1755750 1.000000
1758427 1.000000
1761901 1.000000
1765427 1.000000
1768404 1.000000
1771400 1.000000
1775826 1.000000
1777827 1.000000
1780686 1.000000
1783820 1.000000
1786755 1.000000
1789701 1.000000
1792800 1.000000
1795800 1.000000
1798792 1.000000
1801863 1.000000
1804744 1.000000
1807888 1.000000
1811086 1.000000
1814933 1.000000
1817907 1.000000
1820903 1.000000
1823853 1.000000
1827122 1.000000
1829936 1.000000
1832677 1.000000
1836431 1.000000
1839356 1.000000
1842631 1.000000
1845538 1.000000
1848175 1.000000
1851661 1.000000
1854210 1.000000
1858214 1.000000
1861821 1.000000
1864844 1.000000
1867952 1.000000
1870971 1.000000
1874204 1.000000
1877195 1.000000
1880226 1.000000
1883249 1.000000
1886132 1.000000
1889407 1.000000
1892421 1.000000
1895450 1.000000
1898387 1.000000
1901439 1.000000
1904738 1.000000
1907825 1.000000
1910862 1.000000
1913728 1.000000
1916701 1.000000
1919988 1.000000
1923985 1.000000
1926532 1.000000
1929023 1.000000
1941625 1.000000
1944131 1.000000
1946765 1.000000
1949348 1.000000
1952095 1.000000
1954858 1.000000
1957775 1.000000
1960403 1.000000
1962829 1.000000
1967346 1.000000
1969818 1.000000
1972427 1.000000
1975078 1.000000
1978016 1.000000
1980609 1.000000
1986388 1.000000
1989040 1.000000
1991684 1.000000
1994204 1.000000
1996835 1.000000
1999764 1.000000
2002330 1.000000
2004953 1.000000
2007518 1.000000
2010289 1.000000
2013346 1.000000
2016673 1.000000
2019621 1.000000
2022557 1.000000
2025528 1.000000
2028746 1.000000
2031965 1.000000
2034968 1.000000
2038195 1.000000
2041285 1.000000
2044184 1.000000
2047499 1.000000
2050474 1.000000
2053387 1.000000
2056377 1.000000
2059269 1.000000
2063286 1.000000
2066244 1.000000
2069294 1.000000
2072262 1.000000
2075306 1.000000
2078614 1.000000
2081477 1.000000
2084438 1.000000
2087492 1.000000
2090479 1.000000
2093720 1.000000
2096709 1.000000
2099576 1.000000
2102525 1.000000
2105493 1.000000
2108575 1.000000
2111382 1.000000
2114234 1.000000
2117080 1.000000
2119893 1.000000
2123088 1.000000
2125831 1.000000
2129358 1.000000
2132257 1.000000
2135226 1.000000
2138535 1.000000
2141405 1.000000
2144469 1.000000
2147306 1.000000
2150116 1.000000
2153358 1.000000
2156255 1.000000
2159261 1.000000
2162258 1.000000
2165274 1.000000
2168379 1.000000
2171379 1.000000
2174408 1.000000
2177288 1.000000
2180972 1.000000
2184134 1.000000
2187113 1.000000
2189868 1.000000
2192827 1.000000
2195842 1.000000
2199102 1.000000
2202086 1.000000
2205048 1.000000
2207913 1.000000
2210930 1.000000
2214122 1.000000
2216972 1.000000
2220754 1.000000
2223654 1.000000
2226493 1.000000
2229331 1.000000
2232874 1.000000
2235898 1.000000
2238870 1.000000
2241717 1.000000
2244670 1.000000
2248231 1.000000
2251329 1.000000
2253932 1.000000
2257358 1.000000
2260181 1.000000
2263202 1.000000
2266570 1.000000
2269238 1.000000
2272309 1.000000
2275637 1.000000
2278587 1.000000
2281497 1.000000
2284294 1.000000
2287266 1.000000
2290535 1.000000
2294211 1.000000
2297092 1.000000
2299965 1.000000
2303001 1.000000
2306169 1.000000
2309201 1.000000
2312312 1.000000
2315208 1.000000
2318188 1.000000
2321795 1.000000
2324814 1.000000
2327862 1.000000
2330827 1.000000
2333728 1.000000
2336882 1.000000
2339808 1.000000
2342884 1.000000
2345787 1.000000
2348837 1.000000
2352894 1.000000
2355952 1.000000
2358890 1.000000
2361944 1.000000
2364830 1.000000
2368171 1.000000
2377915 1.000000
2380883 1.000000
2390763 1.000000
2393741 1.000000
2396968 1.000000
2399908 1.000000
2402963 1.000000
2405928 1.000000
2409737 1.000000
2412986 1.000000
2416024 1.000000
2419094 1.000000
2422088 1.000000
2425033 1.000000
2428342 1.000000
2431398 1.000000
2434380 1.000000
2437413 1.000000
2440451 1.000000
2443744 1.000000
2446739 1.000000
2449723 1.000000
2452716 1.000000
2455733 1.000000
2459004 1.000000
2462014 1.000000
2464945 1.000000
2468438 1.000000
2471585 1.000000
2474967 1.000000
2478179 1.000000
2482751 1.000000
2485248 1.000000
2488093 1.000000
2491303 1.000000
2494296 1.000000
2497241 1.000000
2500222 1.000000
2503180 1.000000
2506502 1.000000
2509512 1.000000
2512510 1.000000
2515459 1.000000
2518545 1.000000
2522909 1.000000
2525764 1.000000
2528676 1.000000
2531863 1.000000
2534750 1.000000
2538046 1.000000
2540972 1.000000
2543924 1.000000
2546883 1.000000
2550357 1.000000
2553241 1.000000
2556531 1.000000
2561182 1.000000
2564081 1.000000
2567306 1.000000
2571062 1.000000
2574156 1.000000
2577005 1.000000
2579845 1.000000
2583010 1.000000
2586853 1.000000
2589929 1.000000
2593045 1.000000
2595814 1.000000
2598781 1.000000
2602630 1.000000
2605133 1.000000
2608397 1.000000
2611728 1.000000
2614283 1.000000
2618097 1.000000
2621057 1.000000
2623766 1.000000
2627150 1.000000
2630070 1.000000
2633277 1.000000
2642788 1.000000
2644907 1.000000
2646770 1.000000
2648670 1.000000
2650535 1.000000
2653172 1.000000
2655343 1.000000
2657431 1.000000
2660771 1.000000
2663914 1.000000
2666914 1.000000
2669849 1.000000
2672863 1.000000
2675844 1.000000
2679041 1.000000
2682845 1.000000
2685685 1.000000
2688693 1.000000
2691682 1.000000
2695205 1.000000
2698124 1.000000
2701023 1.000000
2703909 1.000000
2706836 1.000000
2710395 1.000000
2713358 1.000000
2716293 1.000000
2719298 1.000000
2722307 1.000000
2725524 1.000000
2735287 1.000000
2738215 1.000000
2742092 1.000000
2744225 1.000000
2746430 1.000000
2748712 1.000000
2751319 1.000000
2754346 1.000000
2757408 1.000000
2760321 1.000000
2763547 1.000000
2766485 1.000000
2769433 1.000000
2772410 1.000000
2775506 1.000000
2778732 1.000000
2781742 1.000000
2784676 1.000000
2787669 1.000000
2790644 1.000000
2793904 1.000000
2796844 1.000000
2799773 1.000000
2802849 1.000000
2806582 1.000000
2809695 1.000000
2812763 1.000000
2815834 1.000000
2818750 1.000000
2821758 1.000000
2824983 1.000000
2827868 1.000000
2830742 1.000000
2833717 1.000000
2836698 1.000000
2839972 1.000000
2843112 1.000000
2845965 1.000000
2848857 1.000000
2851958 1.000000
2855167 1.000000
2858095 1.000000
2861033 1.000000
2864101 1.000000
2867138 1.000000
2870313 1.000000
2873240 1.000000
2876256 1.000000
2879278 1.000000
2882213 1.000000
2885454 1.000000
2889124 1.000000
2892096 1.000000
2895073 1.000000
2897993 1.000000
2901423 1.000000
2904318 1.000000
2907271 1.000000
2910150 1.000000
2913132 1.000000
2916380 1.000000
2919304 1.000000
2925108 1.000000
2928055 1.000000
2931491 1.000000
2934481 1.000000
2937840 1.000000
2940675 1.000000
2943611 1.000000
2946987 1.000000
2949929 1.000000
2953016 1.000000
2956077 1.000000
2959088 1.000000
2962576 1.000000
2965532 1.000000
2968757 1.000000
2971344 1.000000
2974014 1.000000
2977464 1.000000
2980006 1.000000
2982851 1.000000
2985884 1.000000
2989073 1.000000
2992051 1.000000
2995669 1.000000
2998498 1.000000
3001557 1.000000
3004554 1.000000
3007601 1.000000
3010904 1.000000
3014204 1.000000
3017315 1.000000
3020315 1.000000
3023345 1.000000
3027007 1.000000
3030895 1.000000
3033382 1.000000
3036479 1.000000
3039583 1.000000
3043817 1.000000
3046950 1.000000
3049799 1.000000
3053786 1.000000
3056506 1.000000
3059741 1.000000
3062894 1.000000
3065718 1.000000
3068960 1.000000
3071872 1.000000
3075197 1.000000
3079196 1.000000
3082329 1.000000
3084973 1.000000
3087951 1.000000
3092350 1.000000
3095416 1.000000
3098357 1.000000
3101414 1.000000
3104485 1.000000
3107995 1.000000
3111093 1.000000
3114185 1.000000
3117228 1.000000
3120248 1.000000
3123618 1.000000
3126610 1.000000
3129614 1.000000
3132679 1.000000
3135786 1.000000
3139043 1.000000
3142063 1.000000
3144981 1.000000
3148021 1.000000
3151092 1.000000
3154444 1.000000
3157433 1.000000
3160461 1.000000
3163568 1.000000
3166582 1.000000
3169868 1.000000
3172916 1.000000
3176153 1.000000
3179153 1.000000
3182205 1.000000
3185610 1.000000
3189246 1.000000
3192013 1.000000
3194635 1.000000
3197630 1.000000
3200967 1.000000
3204074 1.000000
3207152 1.000000
3210172 1.000000
3213907 1.000000
3217200 1.000000
3220212 1.000000
3223198 1.000000
3226135 1.000000
3229145 1.000000
3232473 1.000000
3238361 1.000000
3243017 1.000000
3245895 1.000000
3248853 1.000000
3252295 1.000000
3255204 1.000000
3258109 1.000000
3260991 1.000000
3263945 1.000000
3267343 1.000000
3270185 1.000000
3273290 1.000000
3276260 1.000000
3279428 1.000000
3282834 1.000000
3285726 1.000000
3291746 1.000000
3294653 1.000000
3297988 1.000000
3301145 1.000000
3304242 1.000000
3307395 1.000000
3310405 1.000000
3313792 1.000000
3316871 1.000000
3320067 1.000000
3323072 1.000000
3326106 1.000000
3335324 1.000000
3337876 1.000000
3347608 1.000000
3349879 1.000000
3351763 1.000000
3360071 1.000000
3362244 1.000000
3364008 1.000000
3365983 1.000000
3367596 1.000000
3369714 1.000000
3372406 1.000000
3374361 1.000000
3376627 1.000000
3378659 1.000000
3380973 1.000000
3383138 1.000000
3385512 1.000000
3395915 1.000000
3399135 1.000000
3402402 1.000000
3405414 1.000000
3408446 1.000000
3411463 1.000000
3414603 1.000000
3418685 1.000000
3421801 1.000000
3424779 1.000000
3427847 1.000000
3430914 1.000000
3434264 1.000000
3437895 1.000000
3441027 1.000000
3443923 1.000000
3447010 1.000000
3450542 1.000000
3453519 1.000000
3456562 1.000000
3459550 1.000000
3462610 1.000000
3466721 1.000000
3469778 1.000000
3472807 1.000000
3475910 1.000000
3479017 1.000000
3482362 1.000000
3485494 1.000000
3489090 1.000000
3492039 1.000000
3495169 1.000000
3498027 1.000000
3501816 1.000000
3504879 1.000000
3507972 1.000000
3511102 1.000000
3514374 1.000000
3517237 1.000000
3520302 1.000000
3523386 1.000000
3526340 1.000000
3530289 1.000000
3533275 1.000000
3536245 1.000000
3539281 1.000000
3542152 1.000000
3545243 1.000000
3548377 1.000000
3552414 1.000000
3555358 1.000000
3558284 1.000000
3561517 1.000000
3564514 1.000000
3567552 1.000000
3570440 1.000000
3573256 1.000000
3577617 1.000000
3582338 1.000000
3586148 1.000000
3590014 1.000000
3593867 1.000000
3598158 1.000000
3601530 1.000000
3604521 1.000000
3607409 1.000000
3610258 1.000000
3614266 1.000000
3617120 1.000000
3619825 1.000000
3622762 1.000000
3625642 1.000000
3629334 1.000000
3632138 1.000000
3635172 1.000000
3638542 1.000000
3640931 1.000000
3644519 1.000000
3647890 1.000000
3650996 1.000000
3654196 1.000000
3656430 1.000000
3659600 1.000000
3663216 1.000000
3666049 1.000000
3668939 1.000000
3671953 1.000000
3675218 1.000000
3678692 1.000000
3680824 1.000000
3684719 1.000000
3687888 1.000000
3691042 1.000000
3694218 1.000000
3696667 1.000000
3699428 1.000000
3703045 1.000000
3706179 1.000000
3709076 1.000000
3711854 1.000000
3714818 1.000000
3717608 1.000000
3721269 1.000000
3724043 1.000000
3726986 1.000000
3729436 1.000000
3733073 1.000000
3736283 1.000000
3739202 1.000000
3741794 1.000000
3744548 1.000000
3746814 1.000000
3748933 1.000000
3751782 1.000000
3754700 1.000000
3757525 1.000000
3760419 1.000000
3763353 1.000000
3766640 1.000000
3769555 1.000000
3772531 1.000000
3775544 1.000000
3778566 1.000000
3781775 1.000000
3784624 1.000000
3787625 1.000000
3790610 1.000000
3793683 1.000000
3797014 1.000000
3799732 1.000000
3802633 1.000000
3806291 1.000000
3809152 1.000000
3812466 1.000000
3815464 1.000000
3818470 1.000000
3821381 1.000000
3824279 1.000000
3827466 1.000000
3830437 1.000000
3833328 1.000000
3836227 1.000000
3839234 1.000000
3842504 1.000000
3845342 1.000000
3848231 1.000000
3851250 1.000000
3854246 1.000000
3857601 1.000000
3860522 1.000000
3863408 1.000000
3866381 1.000000
3869256 1.000000
3872487 1.000000
3875338 1.000000
3878232 1.000000
3881227 1.000000
3884196 1.000000
3887403 1.000000
3890256 1.000000
3893116 1.000000
3895970 1.000000
3898754 1.000000
3901814 1.000000
3904629 1.000000
3907523 1.000000
3910316 1.000000
3913869 1.000000
3917025 1.000000
3919982 1.000000
3924348 1.000000
3928544 1.000000
3931680 1.000000
3934583 1.000000
3937592 1.000000
3940369 1.000000
3943283 1.000000
3946327 1.000000
3949162 1.000000
3951998 1.000000
3954908 1.000000
3957891 1.000000
3961007 1.000000
3963860 1.000000
3966776 1.000000
3969459 1.000000
3972360 1.000000
3975579 1.000000
3978257 1.000000
3981151 1.000000
3984069 1.000000
3986971 1.000000
3989641 1.000000
3992140 1.000000
3994725 1.000000
3997344 1.000000
4001483 1.000000
4004124 1.000000
4006362 1.000000
4010709 1.000000
4013274 1.000000
4016392 1.000000
4019524 1.000000
4022312 1.000000
4024693 1.000000
4027411 1.000000
4030931 1.000000
4034161 1.000000
4037026 1.000000
4039633 1.000000
4042395 1.000000
4045087 1.000000
4048901 1.000000
4051622 1.000000
4054514 1.000000
4057151 1.000000
4059757 1.000000
4062852 1.000000
4065742 1.000000
4068757 1.000000
4071554 1.000000
4074571 1.000000
4077834 1.000000
4080911 1.000000
4083861 1.000000
4086853 1.000000
4089922 1.000000
4094067 1.000000
4097029 1.000000
4100032 1.000000
4103150 1.000000
4106133 1.000000
4109537 1.000000
4112488 1.000000
4115546 1.000000
4118550 1.000000
4121584 1.000000
4124801 1.000000
4127846 1.000000
4130858 1.000000
4133986 1.000000
4136981 1.000000
4140349 1.000000
4143375 1.000000
4146389 1.000000
4149413 1.000000
4152560 1.000000
4155920 1.000000
4158894 1.000000
4161981 1.000000
4165000 1.000000
4168037 1.000000
4171344 1.000000
4174414 1.000000
4177406 1.000000
4180401 1.000000
4183471 1.000000
4187397 1.000000
4190751 1.000000
4193932 1.000000
4196929 1.000000
4200069 1.000000
4203428 1.000000
4206419 1.000000
4210140 1.000000
4213221 1.000000
4216287 1.000000
4219868 1.000000
4222909 1.000000
4225936 1.000000
4228961 1.000000
4231998 1.000000
4235317 1.000000
4238408 1.000000
4241489 1.000000
4244522 1.000000
4247558 1.000000
4250837 1.000000
4253864 1.000000
4257061 1.000000
4259892 1.000000
4262931 1.000000
4266237 1.000000
4269288 1.000000
4272317 1.000000
4275398 1.000000
4278411 1.000000
4281719 1.000000
4284825 1.000000
4287979 1.000000
4291057 1.000000
4294689 1.000000
4297979 1.000000
4300973 1.000000
4304031 1.000000
4307096 1.000000
4310834 1.000000
4314093 1.000000
4317003 1.000000
4319880 1.000000
4322993 1.000000
4326692 1.000000
4330116 1.000000
4332868 1.000000
4336292 1.000000
4339535 1.000000
4342275 1.000000
4345634 1.000000
4349407 1.000000
4352043 1.000000
4355061 1.000000
4358638 1.000000
4361542 1.000000
4365003 1.000000
4368122 1.000000
4371203 1.000000
4374275 1.000000
4377387 1.000000
4380802 1.000000
4383882 1.000000
4386969 1.000000
4389837 1.000000
4393242 1.000000
4396313 1.000000
4399386 1.000000
4409725 1.000000
4413240 1.000000
4423428 1.000000
4426465 1.000000
4429740 1.000000
4433400 1.000000
4437006 1.000000
4440997 1.000000
4444607 1.000000
4448971 1.000000
4452680 1.000000
4456247 1.000000
4459989 1.000000
4463705 1.000000
4467317 1.000000
4470946 1.000000
4474494 1.000000
4478349 1.000000
4482068 1.000000
4485721 1.000000
4489272 1.000000
4493808 1.000000
4497644 1.000000
4501332 1.000000
4504930 1.000000
4508462 1.000000
4512118 1.000000
4515924 1.000000
4519552 1.000000
4523214 1.000000
4526782 1.000000
4531153 1.000000
4535200 1.000000
4538853 1.000000
4542424 1.000000
4546076 1.000000
4549691 1.000000
4553616 1.000000
4557299 1.000000
4560920 1.000000
4564497 1.000000
4568100 1.000000
4572774 1.000000
4576493 1.000000
4582089 1.000000
4585720 1.000000
4589509 1.000000
4593535 1.000000
4597229 1.000000
4601062 1.000000
4605492 1.000000
4609155 1.000000
4613229 1.000000
4617114 1.000000
4620742 1.000000
4624249 1.000000
4627876 1.000000
4632674 1.000000
4636356 1.000000
4639991 1.000000
4650088 1.000000
4652328 1.000000
4654979 1.000000
4656991 1.000000
4659257 1.000000
4662524 1.000000
4666992 1.000000
4670613 1.000000
4673497 1.000000
4676373 1.000000
4679349 1.000000
4682432 1.000000
4685749 1.000000
4688645 1.000000
4691624 1.000000
4694536 1.000000
4697348 1.000000
4701017 1.000000
4703894 1.000000
4706778 1.000000
4709516 1.000000
4712781 1.000000
4716007 1.000000
4718986 1.000000
4721753 1.000000
4724596 1.000000
4727575 1.000000
4731427 1.000000
4734300 1.000000
4737227 1.000000
4739814 1.000000
4742893 1.000000
4746814 1.000000
4749562 1.000000
4752268 1.000000
4755228 1.000000
4765059 1.000000
4768535 1.000000
4771398 1.000000
4775083 1.000000
4777826 1.000000
4780847 1.000000
4784268 1.000000
4787314 1.000000
4789663 1.000000
4792919 1.000000
4796095 1.000000
4799381 1.000000
4802620 1.000000
4805104 1.000000
4808438 1.000000
4811664 1.000000
4814991 1.000000
4817924 1.000000
4820769 1.000000
4823736 1.000000
4826644 1.000000
4829925 1.000000
4833605 1.000000
4836437 1.000000
4839307 1.000000
4842413 1.000000
4846033 1.000000
4849022 1.000000
4851995 1.000000
4855026 1.000000
4858243 1.000000
4861398 1.000000
4864343 1.000000
4867416 1.000000
4870394 1.000000
4873405 1.000000
4876675 1.000000
4880051 1.000000
4882804 1.000000
4885831 1.000000
4888861 1.000000
4892949 1.000000
4895983 1.000000
4899558 1.000000
4902550 1.000000
4905547 1.000000
4908919 1.000000
4911992 1.000000
4915058 1.000000
4918053 1.000000
4922573 1.000000
4925266 1.000000
4927895 1.000000
4930553 1.000000
4933566 1.000000
4936526 1.000000
4939818 1.000000
4942849 1.000000
4945963 1.000000
4948967 1.000000
4951943 1.000000
4955222 1.000000
4958196 1.000000
4961231 1.000000
4964223 1.000000
4967186 1.000000
4970438 1.000000
4973494 1.000000
4976467 1.000000
4979425 1.000000
4982440 1.000000
4985724 1.000000
4989486 1.000000
4992546 1.000000
4995629 1.000000
4998613 1.000000
5001241 1.000000
5003830 1.000000
5006751 1.000000
5011063 1.000000
5014115 1.000000
5017396 1.000000
5020419 1.000000
5023550 1.000000
5026610 1.000000
5029959 1.000000
5033027 1.000000
5035999 1.000000
5038982 1.000000
5041962 1.000000
5044783 1.000000
5048041 1.000000
5051001 1.000000
5054018 1.000000
5056889 1.000000
5059864 1.000000
5063520 1.000000
5066165 1.000000
5068791 1.000000
5071740 1.000000
5074348 1.000000
5076991 1.000000
5080251 1.000000
5083041 1.000000
5085936 1.000000
5089058 1.000000
5092723 0.900000
5094979 0.810000
5097128 0.829000
5099262 0.846100
5101474 0.861490
5103775 0.875341
5106406 0.787807
5108085 0.809026
5110954 0.828124
5114586 0.745311
5115780 0.770780
5118305 0.793702
5121710 0.814332
5124529 0.832899
5127812 0.849609
5130832 0.864648
5133811 0.778183
5135014 0.800365
5141254 0.820328
5144068 0.838296
5148281 0.754466
5150676 0.779019
5155170 0.701117
5156498 0.731006
5159216 0.757905
5163040 0.682115
5164374 0.713903
5167133 0.742513
5170337 0.768262
5173268 0.791435
5176232 0.812292
5179956 0.831063
5183424 0.847956
5186800 0.863161
5189860 0.876845
5192888 0.889160
5196055 0.900244
5198846 0.910220
5202207 0.919198
5205175 0.927278
5208230 0.934550
5211230 0.941095
5214236 0.946986
5217820 0.952287
5220789 0.957058
5223820 0.961353
5226835 0.965217
5229816 0.968696
5233086 0.971826
5236098 0.974643
5239207 0.977179
5242897 0.979461
5245887 0.981515
5249041 0.983364
5252036 0.985027
5255069 0.986524
5258090 0.987872
5260999 0.989085
5264104 0.990176
5267102 0.991159
5270127 0.992043
5273138 0.992839
5276077 0.993555
5279364 0.994199
5282334 0.994779
5285276 0.995301
5289540 0.995771
5292162 0.996194
5294787 0.996575
5297580 0.996917
5300469 0.997226
5303395 0.997503
5306471 0.997753
5309654 0.997977
5312688 0.998180
5315729 0.998362
5318687 0.998526
5321647 0.998673
5324951 0.998806
5328042 0.998925
5331345 0.999033
5334610 0.999129
5344597 0.999216
5347021 0.999295
5356384 0.999365
5359320 0.999429
5362007 0.999486
5371231 0.999537
5373718 0.999584
5376327 0.999625
5379164 0.999663
5381877 0.999696
5384819 0.999727
5387439 0.999754
5389876 0.999779
5392487 0.999801
5395046 0.999821
5397702 0.999839
5400344 0.999855
5403199 0.999869
5405696 0.999882
5408204 0.999894
5410778 0.999905
5413425 0.999914
5415978 0.999923
5418491 0.999931
5427364 0.999937
5431653 0.999944
5434838 0.999949
5437995 0.999954
5441046 0.999959
5444128 0.999963
5447587 0.999967
5450368 0.999970
5454362 0.999973
5457254 0.999976
5460531 0.999978
5464047 0.999980
5467138 0.999982
5470752 0.999984
5473815 0.999986
5476951 0.999987
5480344 0.999988
5483582 0.999990
5486637 0.999991
5489928 0.999992
5493212 0.999992
5496646 0.999993
5499723 0.999994
5502863 0.999994
5506731 0.999995
5510293 0.999996
5513754 0.999996
5516985 0.999996
5520902 0.999997
5524032 0.999997
5527214 0.999997
5530682 0.999998
5533871 0.999998
5537026 0.999998
5539898 0.999998
5542955 0.999998
5547161 0.999999
5550418 0.999999
5553656 0.999999
5556902 0.999999
5560175 0.999999
5563835 0.999999
5566911 0.999999
5570022 0.999999
5573092 0.999999
5576142 0.999999
5579561 1.000000
5582657 1.000000
5585683 1.000000
5588731 1.000000
5591923 1.000000
5595385 1.000000
5598419 1.000000
5601597 1.000000
5604868 1.000000
5607932 1.000000
5611426 1.000000
5614721 1.000000
5617950 1.000000
5620870 1.000000
5624784 1.000000
5627939 1.000000
5631061 1.000000
5634030 1.000000
5637097 1.000000
5639947 1.000000
5643296 1.000000
5646309 1.000000
5649296 1.000000
5652409 1.000000
5655561 1.000000
5658848 1.000000
5662709 1.000000
5665626 1.000000
5668652 1.000000
5671757 1.000000
5675078 1.000000
5678106 1.000000
5681236 1.000000
5684270 1.000000
5687353 1.000000
5690790 1.000000
5693792 1.000000
5696905 1.000000
5699930 1.000000
5703142 1.000000
5706551 1.000000
5709520 1.000000
5712505 1.000000
5715578 1.000000
5718603 1.000000
5722721 1.000000
5725781 1.000000
5728864 1.000000
5732064 1.000000
5735113 1.000000
5739054 1.000000
5741830 1.000000
5745637 1.000000
5748397 1.000000
5752181 1.000000
5755820 1.000000
5759191 1.000000
5762240 1.000000
5765323 1.000000
5768499 1.000000
5771852 1.000000
5775238 1.000000
5778845 1.000000
5781672 1.000000
5784456 1.000000
5788527 1.000000
5791746 1.000000
5795192 1.000000
5798008 1.000000
5801035 1.000000
5805066 1.000000
5808005 1.000000
5810943 1.000000
5814536 1.000000
5817005 1.000000
5820805 1.000000
5823958 1.000000
5826991 1.000000
5830007 1.000000
5832932 1.000000
5836231 1.000000
5839317 1.000000
5842658 1.000000
5845260 1.000000
5848570 1.000000
5851907 1.000000
5854922 1.000000
5858291 1.000000
5861427 1.000000
5864294 1.000000
5867737 1.000000
5871074 1.000000
5873784 1.000000
5876943 1.000000
5879910 1.000000
5883350 1.000000
5886221 1.000000
5889908 1.000000
5893186 1.000000
5896322 1.000000
5899723 1.000000
5902725 1.000000
5905821 1.000000
5908803 1.000000
5911878 1.000000
5915264 1.000000
5918522 1.000000
5922755 1.000000
5925377 1.000000
5927979 1.000000
5931275 1.000000
5934525 1.000000
5937446 1.000000
5940369 1.000000
5943293 1.000000
5946555 1.000000
5949579 1.000000
5952532 1.000000
5955376 1.000000
5958258 1.000000
5961395 1.000000
5964207 1.000000
5966952 1.000000
5969888 1.000000
5973474 1.000000
5976682 1.000000
5979560 1.000000
5982522 1.000000
5985433 1.000000
5988166 1.000000
5991803 1.000000
5994772 1.000000
5997800 1.000000
6001242 1.000000
6004221 1.000000
6007603 1.000000
6010733 1.000000
6014000 1.000000
6017178 1.000000
6020223 1.000000
6023674 1.000000
6026813 1.000000
6029940 1.000000
6033139 1.000000
6036959 1.000000
6040376 1.000000
6043539 1.000000
6046687 1.000000
6049849 1.000000
6052927 1.000000
6056437 1.000000
6059592 1.000000
6062754 1.000000
6065838 1.000000
6068491 0.900000
6070600 0.910000
6073685 0.919000
6076573 0.927100
6079967 0.934390
6083181 0.940951
6088905 0.946856
6094590 0.852170
6096610 0.866953
6098858 0.880258
6101622 0.892232
6105015 0.903009
6108226 0.912708
6111503 0.921437
6114735 0.929294
6117892 0.936364
6121313 0.942728
6124591 0.948455
6128343 0.953609
6131530 0.958249
6134814 0.962424
6138160 0.966181
6141255 0.969563
6144253 0.972607
6147509 0.975346
6151379 0.977812
6154239 0.980030
6157686 0.982027
6161113 0.983825
6164445 0.985442
6167857 0.986898
6171347 0.988208
6174110 0.989387
6177658 0.990449
6180433 0.991404
6183405 0.992263
6188433 0.993037
6191906 0.993733
6195118 0.994360
6198223 0.994924
6201275 0.995432
6204545 0.995888
6208329 0.996300
6211429 0.996670
6214506 0.997003
6217541 0.997302
6220957 0.997572
6224016 0.997815
6227143 0.998033
6229938 0.998230
6233039 0.998407
6237170 0.998566
6240119 0.998710
6243345 0.998839
6246065 0.998955
6249762 0.999059
6252945 0.999153
6255843 0.999238
6258779 0.999314
6261644 0.999383
6264568 0.999445
6267707 0.999500
6270542 0.999550
6273433 0.999595
6276304 0.999636
6279164 0.999672
6282243 0.999705
6285144 0.999734
6288095 0.999761
6290973 0.999785
6293781 0.999806
6297931 0.999826
6300816 0.999843
6303580 0.999859
6306445 0.999873
6309408 0.999886
6312912 0.999897
6315932 0.999907
6319198 0.999917
6323082 0.999925
6326316 0.999932
6329764 0.999939
6332962 0.999945
6336241 0.999951
6339543 0.999956
6342865 0.999960
6346268 0.999964
6349469 0.999968
6353272 0.999971
6356531 0.999974
6359685 0.999976
6363235 0.999979
6366215 0.999981
6369391 0.999983
6372711 0.999985
6375969 0.999986
6380556 0.999987
6383812 0.999989
6387003 0.999990
6390279 0.999991
6393582 0.999992
6397200 0.999993
6400503 0.999993
6403765 0.999994
6406970 0.999995
6410210 0.999995
6413903 0.999996
6417286 0.999996
6420465 0.999996
6423790 0.999997
6427106 0.999997
6437525 0.999997
6440771 0.999998
6450994 0.999998
6454266 0.999998
6457431 0.999998
6460954 0.999998
6464343 0.999999
6468197 0.999999
6471484 0.999999
6474840 0.999999
6478373 0.999999
6481651 0.999999
6484894 0.999999
6488111 0.999999
6491286 0.999999
6494936 0.999999
6498322 1.000000
6501601 1.000000
6504836 1.000000
6508202 1.000000
6511817 1.000000
6515097 1.000000
6518361 1.000000
6521582 1.000000
6524760 1.000000
6528303 1.000000
6531616 1.000000
6534812 1.000000
6538084 1.000000
6541302 1.000000
6544924 1.000000
6548042 1.000000
6551062 1.000000
6554055 1.000000
6557103 1.000000
6560499 1.000000
6563462 1.000000
6566389 1.000000
6570209 1.000000
6573279 1.000000
6576520 1.000000
6579526 1.000000
6582504 1.000000
6585524 1.000000
6588687 1.000000
6592247 1.000000
6595565 1.000000
6598846 1.000000
6603759 1.000000
6606790 1.000000
6610102 1.000000
6613225 1.000000
6616226 1.000000
6619301 1.000000
6622343 1.000000
6625568 1.000000
6628661 1.000000
6631684 1.000000
6634622 1.000000
6637680 1.000000
6641064 1.000000
6644092 1.000000
6647156 1.000000
6650807 1.000000
6659390 1.000000
6661840 1.000000
6663890 1.000000
6666061 1.000000
6667882 1.000000
6669876 1.000000
6673095 1.000000
6675912 1.000000
6679107 1.000000
6682537 1.000000
6685436 1.000000
6688584 1.000000
6691601 1.000000
6694730 1.000000
6697730 1.000000
6700626 1.000000
6704630 1.000000
6707674 1.000000
6710271 1.000000
6713134 1.000000
6716745 1.000000
6719893 1.000000
6722886 1.000000
6725429 1.000000
6729200 1.000000
6732101 1.000000
6735414 1.000000
6738061 1.000000
6741726 1.000000
6744725 1.000000
6747631 1.000000
6751378 1.000000
6753123 1.000000
6757700 1.000000
6760621 1.000000
6763597 1.000000
6766586 1.000000
6769994 1.000000
6773081 1.000000
6776085 1.000000
6779220 1.000000
6782553 1.000000
6785399 1.000000
6795498 1.000000
6798447 1.000000
6801502 1.000000
6804774 1.000000
6807827 1.000000
6810773 1.000000
6813964 1.000000
6816874 1.000000
6820212 1.000000
6823210 1.000000
6826262 1.000000
6829306 1.000000
6833159 1.000000
6836348 1.000000
6839387 1.000000
6842463 1.000000
6845495 1.000000
6848495 1.000000
6851884 1.000000
6854815 1.000000
6857892 1.000000
6860927 1.000000
6863953 1.000000
6867305 1.000000
6870446 1.000000
6873456 1.000000
6876503 1.000000
6879553 1.000000
6882923 1.000000
6886022 1.000000
6889074 1.000000
6892172 1.000000
6895329 1.000000
6898653 1.000000
6901658 1.000000
6904726 1.000000
6907785 1.000000
6910839 1.000000
6914233 1.000000
6917275 1.000000
6921746 1.000000
6926431 1.000000
6929644 1.000000
6932738 1.000000
6936540 1.000000
6939559 1.000000
6942555 1.000000
6945896 1.000000
6948913 1.000000
6952018 1.000000
6955142 1.000000
6958090 1.000000
6961440 1.000000
6964452 1.000000
6967563 1.000000
6970557 1.000000
6973611 1.000000
6977238 1.000000
6980544 1.000000
6983337 1.000000
6986397 1.000000
6989449 1.000000
7000786 1.000000
7003830 1.000000
7006956 1.000000
7009875 1.000000
7012896 1.000000
7016153 1.000000
7019182 1.000000
7022886 1.000000
7025811 1.000000
7029195 1.000000
7032224 1.000000
7035291 1.000000
7038279 1.000000
7041235 1.000000
7044470 1.000000
7047606 1.000000
7050292 1.000000
7053225 1.000000
7055755 1.000000
7058324 1.000000
7062775 1.000000
7065915 1.000000
7068494 1.000000
7071681 0.900000
7074440 0.910000
7077157 0.919000
7080079 0.927100
7083045 0.934390
7088419 0.940951
7092710 0.846856
7095517 0.862170
7098204 0.875953
7100867 0.888358
7103434 0.899522
7106875 0.909570
7109490 0.918613
7111998 0.926752
7114489 0.934076
7117538 0.940669
7120773 0.946602
7123589 0.951942
7126054 0.956748
7129336 0.961073
7132431 0.964966
7135369 0.968469
7138430 0.971622
7140601 0.974460
7143833 0.977014
7146782 0.979313
7149672 0.981381
7153234 0.983243
7155886 0.984919
7158873 0.986427
7162466 0.987784
7165426 0.989006
7167934 0.990105
7170777 0.991095
7174407 0.991985
7177597 0.992787
7180424 0.993508
7183322 0.994157
7186239 0.994742
7190027 0.995267
7193324 0.995741
7196143 0.996167
7199062 0.996550
7201825 0.996895
7204476 0.997205
7208437 0.997485
7211335 0.997736
7214196 0.997963
7216836 0.998166
7219651 0.998350
7222847 0.998515
7225810 0.998663
7228817 0.998797
7231800 0.998917
7234681 0.999026
7237937 0.999123
7240897 0.999211
7243800 0.999290
7246677 0.999361
7249519 0.999425
7252606 0.999482
7256384 0.999534
7259257 0.999581
7262989 0.999622
7265996 0.999660
7268586 0.999694
7271271 0.999725
7274090 0.999752
7276971 0.999777
7279865 0.999799
7283150 0.999819
7287650 0.999837
7290315 0.999854
7292935 0.999868
7295605 0.999882
7298175 0.999893
7300869 0.999904
7303870 0.999914
7306738 0.999922
7309699 0.999930
7312800 0.999937
7315763 0.999943
7318720 0.999949
7321709 0.999954
7325088 0.999959
7328865 0.999963
7332667 0.999967
7336151 0.999970
7339820 0.999973
7343351 0.999976
7353357 0.999978
7362992 0.999980
7365543 0.999982
7368095 0.999984
7370724 0.999986
7379946 0.999987
7382456 0.999988
7385089 0.999990
7387963 0.999991
7390449 0.999991
7393021 0.999992
7395620 0.999993
7398215 0.999994
7400825 0.999994
7403385 0.999995
7406343 0.999995
7409597 0.999996
7413149 0.999996
7416656 0.999997
7420121 0.999997
7424001 0.999997
7427486 0.999998
7430979 0.999998
7435356 0.999998
7438851 0.999998
7442461 0.999998
7445946 0.999999
7456481 0.999999
7459974 0.999999
7463451 0.999999
7467283 0.999999
7470684 0.999999
7474098 0.999999
7477865 0.999999
7481390 0.999999
7485186 0.999999
7488763 1.000000
7492188 1.000000
7495858 1.000000
7499383 1.000000
7503200 1.000000
7506728 1.000000
7510225 1.000000
7514539 1.000000
7517776 1.000000
7521714 1.000000
7525076 1.000000
7528199 1.000000
7531789 1.000000
7535362 1.000000
7539043 1.000000
7543313 1.000000
7546782 1.000000
7550486 1.000000
7554070 1.000000
7557718 1.000000
7561214 1.000000
7564371 1.000000
7567399 1.000000
7570344 1.000000
7573759 1.000000
7576665 1.000000
7579724 1.000000
7582656 1.000000
7585692 1.000000
7589237 1.000000
7592322 1.000000
7595571 1.000000
7598465 1.000000
7601688 1.000000
7604900 1.000000
7607947 1.000000
7610823 1.000000
7614618 1.000000
7617616 1.000000
7620958 1.000000
7623856 1.000000
7626805 1.000000
7630017 1.000000
7632802 1.000000
7635958 1.000000
7638941 1.000000
7641938 1.000000
7644873 1.000000
7647834 1.000000
7651217 1.000000
7654275 1.000000
7657249 1.000000
7660190 1.000000
7663200 1.000000
7666385 1.000000
7669385 1.000000
7672337 1.000000
7675374 1.000000
7678413 1.000000
7681860 1.000000
7684792 1.000000
7687840 1.000000
7690803 1.000000
7693898 1.000000
7697330 1.000000
7700281 1.000000
7703284 1.000000
7706252 1.000000
7709261 1.000000
7712412 1.000000
7715345 1.000000
7718442 1.000000
7721964 1.000000
7726182 1.000000
7729620 1.000000
7732691 1.000000
7735742 1.000000
7739277 1.000000
7742620 1.000000
7745655 1.000000
7748478 1.000000
7750970 1.000000
7753863 1.000000
7756586 1.000000
7759555 1.000000
7762202 1.000000
7765200 1.000000
7767827 1.000000
7770458 1.000000
7772951 1.000000
7775876 1.000000
7778871 1.000000
7781645 1.000000
7784523 1.000000
7787805 1.000000
7790753 1.000000
7793579 1.000000
7796741 1.000000
7799714 1.000000
7802835 1.000000
7805558 1.000000
7808507 1.000000
7811385 1.000000
7814364 1.000000
7817416 1.000000
7820370 1.000000
7823222 1.000000
7826052 1.000000
7829803 1.000000
7832863 1.000000
7835705 1.000000
7838337 1.000000
7840965 1.000000
7844594 1.000000
7847606 1.000000
7850664 1.000000
7853699 1.000000
7856384 1.000000
7859232 1.000000
7862506 1.000000
7865103 1.000000
7868437 1.000000
7871483 1.000000
7874063 1.000000
7877493 1.000000
7880446 1.000000
7883295 1.000000
7886038 1.000000
7888714 1.000000
7891716 1.000000
7894824 1.000000
7898454 1.000000
7901190 1.000000
7903675 1.000000
7906811 1.000000
7910265 1.000000
7912946 1.000000
7915535 1.000000
7918402 1.000000
7922969 1.000000
7925623 1.000000
7927925 1.000000
7930924 1.000000
7933903 1.000000
7936910 1.000000
7939598 1.000000
7942377 1.000000
7945144 1.000000
7948080 1.000000
7951610 1.000000
7954503 1.000000
7957338 1.000000
7960185 1.000000
7963321 1.000000
7966377 1.000000
7969792 1.000000
7972472 1.000000
7975317 1.000000
7978121 1.000000
7981089 1.000000
7984043 1.000000
7986965 1.000000
7989663 1.000000
7992530 1.000000
7995831 1.000000
7998688 1.000000
8001549 1.000000
8004377 1.000000
8007261 1.000000
8010322 1.000000
8013145 1.000000
8015982 1.000000
8018811 1.000000
8021598 1.000000
8024664 1.000000
8027621 1.000000
8030590 1.000000
8033186 1.000000
8036008 1.000000
8039110 1.000000
8041983 1.000000
8044794 1.000000
8047743 1.000000
8050717 1.000000
8053755 1.000000
8056554 1.000000
8059530 1.000000
8062470 1.000000
8065194 1.000000
8068236 1.000000
8071556 0.900000
8073808 0.910000
8076408 0.919000
8079099 0.927100
8081671 0.934390
8085559 0.840951
8088405 0.856856
8091633 0.771170
8093855 0.794053
8096550 0.814648
8099119 0.833183
8101747 0.849865
8104305 0.864878
8107392 0.878391
8109995 0.890551
8114433 0.801496
8116765 0.821347
8119421 0.839212
8122046 0.855291
8125602 0.869762
8128888 0.882786
8131804 0.894507
8134623 0.905056
8137438 0.914551
8140248 0.923096
8143324 0.930786
8146437 0.937707
8149529 0.943937
8152512 0.949543
8155508 0.954589
8158564 0.959130
8161402 0.963217
8164229 0.966895
8167007 0.970206
8169897 0.973185
8172859 0.975867
8175794 0.978280
8178804 0.980452
8181554 0.982407
8184977 0.984166
8188161 0.985749
8191027 0.987175
8193627 0.988457
8196788 0.989611
8199744 0.990650
8203008 0.991585
8205538 0.992427
8208778 0.993184
8211868 0.993866
8214775 0.994479
8217993 0.995031
8220933 0.995528
8223853 0.995975
8226845 0.996378
8229677 0.996740
8232836 0.997066
8235684 0.997359
8238539 0.997623
8241445 0.997861
8244395 0.998075
8247541 0.998267
8250704 0.998441
8253637 0.998597
8256440 0.998737
8259293 0.998863
8262497 0.998977
8265273 0.999079
8268190 0.999171
8271094 0.999254
8274778 0.999329
8277926 0.999396
8280798 0.999456
8283687 0.999511
8286555 0.999560
8289468 0.999604
8292945 0.999643
8296608 0.999679
8299486 0.999711
8302625 0.999740
8305626 0.999766
8309043 0.999789
8311983 0.999810
8314955 0.999829
8317873 0.999846
8320807 0.999862
8323952 0.999876
8326910 0.999888
8330015 0.999899
8332885 0.999909
8335921 0.999918
8339188 0.999927
8342146 0.999934
8344985 0.999941
8348015 0.999946
8351170 0.999952
8354389 0.999957
8357615 0.999961
8360914 0.999965
8363917 0.999968
8367068 0.999972
8370353 0.999974
8373235 0.999977
8376273 0.999979
8379250 0.999981
8382131 0.999983
8385985 0.999985
8389103 0.999986
8392122 0.999988
8395088 0.999989
8398016 0.999990
8401174 0.999991
8404101 0.999992
8407064 0.999993
8409990 0.999993
8412882 0.999994
8416116 0.999995
8419112 0.999995
8421979 0.999996
8424929 0.999996
8427918 0.999997
8430990 0.999997
8433979 0.999997
8436950 0.999997
8440069 0.999998
8442980 0.999998
8446073 0.999998
8449098 0.999998
8452163 0.999999
8455139 0.999999
8458032 0.999999
8468357 0.999999
8471295 0.999999
8474376 0.999999
8484326 0.999999
8487383 0.999999
8490214 0.999999
8493916 0.999999
8496960 0.999999
8499853 1.000000
8502811 1.000000
8506082 1.000000
8509740 1.000000
8512568 1.000000
8515588 1.000000
8518570 1.000000
8522118 1.000000
8524695 1.000000
8528260 1.000000
8531487 1.000000
8534587 1.000000
8537190 1.000000
8540793 1.000000
8543971 1.000000
8547016 1.000000
8550388 1.000000
8553819 1.000000
8556867 1.000000
8559868 1.000000
8562855 1.000000
8565725 1.000000
8568787 1.000000
8572630 1.000000
8575624 1.000000
8578667 1.000000
8581609 1.000000
8584807 1.000000
8587773 1.000000
8590801 1.000000
8593833 1.000000
8597041 1.000000
8601051 1.000000
8604379 1.000000
8607734 1.000000
8611059 1.000000
8614143 1.000000
8617531 1.000000
8620793 1.000000
8625710 1.000000
8628729 1.000000
8631767 1.000000
8635099 1.000000
8638179 1.000000
8641487 1.000000
8644456 1.000000
8647618 1.000000
8651047 1.000000
8654120 1.000000
8657256 1.000000
8667042 1.000000
8669955 1.000000
8672680 1.000000
8675371 1.000000
8677968 1.000000
8680626 1.000000
8683247 1.000000
8686268 1.000000
8688974 1.000000
8691644 1.000000
8694301 1.000000
8697639 1.000000
8700310 1.000000
8702975 1.000000
8705921 1.000000
8710204 1.000000
8713448 1.000000
8716452 1.000000
8719406 1.000000
8722446 1.000000
8725337 1.000000
8728610 1.000000
8731587 1.000000
8734635 1.000000
8737530 1.000000
8740493 1.000000
8743797 1.000000
8746736 1.000000
8749815 1.000000
8752523 1.000000
8755025 1.000000
8757674 1.000000
8761926 1.000000
8764791 1.000000
8767748 1.000000
8770659 1.000000
8773825 1.000000
8776737 1.000000
8779723 1.000000
8782546 1.000000
8785420 1.000000
8788581 1.000000
8791551 1.000000
8794413 1.000000
8797369 1.000000
8800286 1.000000
8803458 1.000000
8807027 1.000000
8809906 1.000000
8812875 1.000000
8815790 1.000000
8818923 1.000000
8828824 1.000000
8831870 1.000000
8834728 1.000000
8837651 1.000000
8840896 1.000000
8843755 1.000000
8846305 1.000000
8849876 1.000000
8853092 1.000000
8856323 1.000000
8859374 1.000000
8862302 1.000000
8865163 1.000000
8868142 1.000000
8871347 1.000000
8874822 1.000000
8877721 1.000000
8880201 1.000000
8883214 1.000000
8887404 1.000000
8890294 1.000000
8893081 1.000000
8896402 1.000000
8899520 1.000000
8902732 1.000000
8905476 1.000000
8908647 1.000000
8911803 1.000000
8914497 1.000000
8918113 1.000000
8922384 1.000000
8924277 1.000000
8927604 1.000000
8930620 1.000000
8934421 1.000000
8937241 1.000000
8939805 1.000000
8942655 1.000000
8945980 1.000000
8949026 1.000000
8952729 1.000000
8955592 1.000000
8958462 1.000000
8961103 1.000000
8964293 1.000000
8967275 1.000000
8970973 1.000000
8973770 1.000000
8976443 1.000000
8980190 1.000000
8983355 1.000000
8986217 1.000000
8989011 1.000000
8992052 1.000000
8995339 1.000000
8998433 1.000000
9002413 1.000000
9005333 1.000000
9008265 1.000000
9010665 1.000000
9013345 1.000000
9017634 1.000000
9020511 1.000000
9023517 1.000000
9026939 1.000000
9029968 1.000000
9033750 1.000000
9036743 1.000000
9039629 1.000000
9042926 1.000000
9046465 1.000000
9049304 1.000000
9052123 1.000000
9055816 1.000000
9059676 1.000000
9063701 1.000000
9067617 1.000000
9071293 0.900000
9073587 0.910000
9076237 0.919000
9078928 0.927100
9082853 0.934390
9085467 0.940951
9087958 0.946856
9090514 0.952170
9097782 0.856953
9100233 0.871258
9103253 0.784132
9106059 0.805719
9108734 0.825147
9112833 0.742632
9115192 0.768369
9119976 0.791532
9123294 0.812379
9126515 0.831141
9129923 0.848027
9133142 0.863224
9138806 0.876902
9141935 0.889212
9145399 0.900290
9148861 0.910261
9152115 0.919235
9155389 0.927312
9158575 0.934581
9162211 0.941123
9165299 0.947010
9168884 0.952309
9172309 0.957078
9175562 0.961370
9179136 0.965233
9182287 0.968710
9185592 0.971839
9188832 0.974655
9192162 0.977190
9195967 0.979471
9199402 0.981524
9203415 0.983371
9206659 0.985034
9209836 0.986531
9213835 0.987878
9217026 0.989090
9220292 0.990181
9223556 0.991163
9226710 0.992047
9230257 0.992842
9233372 0.993558
9236575 0.994202
9239756 0.994782
9242922 0.995304
9246321 0.995773
9249516 0.996196
9252798 0.996576
9255999 0.996919
9259080 0.997227
9262498 0.997504
9265696 0.997754
9268840 0.997978
9272051 0.998181
9275211 0.998362
9278930 0.998526
9282093 0.998674
9285266 0.998806
9291408 0.998926
9295234 0.999033
9298043 0.999130
9300847 0.999217
9303643 0.999295
9306342 0.999366
9310195 0.999429
9313482 0.999486
9316007 0.999538
9318853 0.999584
9322425 0.999625
9325488 0.999663
9328500 0.999697
9331413 0.999727
9334353 0.999754
9337247 0.999779
9340464 0.999801
9343390 0.999821
9346264 0.999839
9349164 0.999855
9358535 0.999869
9361083 0.999882
9370435 0.999894
9373271 0.999905
9375716 0.999914
9378242 0.999923
9387369 0.999931
9390695 0.999938
9393136 0.999944
9395660 0.999949
9398539 0.999954
9401092 0.999959
9403807 0.999963
9406727 0.999967
9409667 0.999970
9412990 0.999973
9415977 0.999976
9418976 0.999978
9421989 0.999980
9424819 0.999982
9428201 0.999984
9431177 0.999986
9434188 0.999987
9437164 0.999988
9440068 0.999990
9443567 0.999991
9446429 0.999992
9449316 0.999992
9452416 0.999993
9455436 0.999994
9458658 0.999994
9461640 0.999995
9465327 0.999996
9468381 0.999996
9471332 0.999996
9474856 0.999997
9477747 0.999997
9487586 0.999997
9490855 0.999998
9493697 0.999998
9496981 0.999998
9500083 0.999998
9503087 0.999998
9506045 0.999999
9509061 0.999999
9512302 0.999999
9515246 0.999999
9518169 0.999999
9521130 0.999999
9524141 0.999999
9527332 0.999999
9530974 0.999999
9534094 0.999999
9537260 1.000000
9540238 1.000000
9543542 1.000000
9546475 1.000000
9549379 1.000000
9552335 1.000000
9555396 1.000000
9558603 1.000000
9561555 1.000000
9564551 1.000000
9567586 1.000000
9571068 1.000000
9574544 1.000000
9577730 1.000000
9580476 1.000000
9583816 1.000000
9586756 1.000000
9591024 1.000000
9593968 1.000000
9596864 1.000000
9599832 1.000000
9602809 1.000000
9606034 1.000000
9609846 1.000000
9613055 1.000000
9615951 1.000000
9618885 1.000000
9622315 1.000000
9625158 1.000000
9628091 1.000000
9631107 1.000000
9634183 1.000000
9637434 1.000000
9640555 1.000000
9643657 1.000000
9646648 1.000000
9649631 1.000000
9652849 1.000000
9656637 1.000000
9659654 1.000000
9662673 1.000000
9665822 1.000000
9669627 1.000000
9672617 1.000000
9675674 1.000000
9678602 1.000000
9681673 1.000000
9685083 1.000000
9688170 1.000000
9691336 1.000000
9694402 1.000000
9697466 1.000000
9700918 1.000000
9703977 1.000000
9707015 1.000000
9710196 1.000000
9713275 1.000000
9716616 1.000000
9719715 1.000000
9722827 1.000000
9725881 1.000000
9728945 1.000000
9732487 1.000000
9735642 1.000000
9738736 1.000000
9741818 1.000000
9744848 1.000000
9748222 1.000000
9751323 1.000000
9754722 1.000000
9757829 1.000000
9760941 1.000000
9764917 1.000000
9768033 1.000000
9771174 1.000000
9774350 1.000000
9787337 1.000000
9790696 1.000000
9793972 1.000000
9797015 1.000000
9800182 1.000000
9803320 1.000000
9806682 1.000000
9809853 1.000000
9812918 1.000000
9815942 1.000000
9818924 1.000000
9822193 1.000000
9825107 1.000000
9828159 1.000000
9831225 1.000000
9834296 1.000000
9837506 1.000000
9840516 1.000000
9843551 1.000000
9846454 1.000000
9849546 1.000000
9852890 1.000000
9855934 1.000000
9858822 1.000000
9862419 1.000000
9865392 1.000000
9868896 1.000000
9871910 1.000000
9874909 1.000000
9877662 1.000000
9881065 1.000000
9884380 1.000000
9887483 1.000000
9890253 1.000000
9893469 1.000000
9896137 1.000000
9899126 1.000000
9902865 1.000000
9905827 1.000000
9908929 1.000000
9911866 1.000000
9915221 1.000000
9917714 1.000000
9922774 1.000000
9925445 1.000000
9928346 1.000000
9931498 1.000000
9934587 1.000000
9937373 1.000000
9941051 1.000000
9943959 1.000000
9947176 1.000000
9949805 1.000000
9953136 1.000000
9955888 1.000000
9958656 1.000000
9961546 1.000000
9965136 1.000000
9967910 1.000000
9970421 1.000000
9973674 1.000000
9976992 1.000000
9979955 1.000000
9982790 1.000000
9985656 1.000000
9988632 1.000000
9991739 1.000000
9994600 1.000000
9997701 1.000000
10000727 1.000000
